nscore.dat
1 
value
0.14878685252229767
0.30305666929712555
0.225075354074127
0.12906443119916636
0.19381646157670468
0.138792391474414
0.2333428258458115
0.19178191067107225
0.17367304534446087
0.20792086487857867
0.15063750014072658
0.2075526208359986
0.24603745536846708
0.2726896783092979
0.19226196848749905
0.14417348184032802
0.16974816220756284
0.31301400938974544
0.1788971762290654
0.09880055502128444
0.1261556401334368
0.2137107904199792
0.16811658668867868
0.07871155956096462
0.12463141836341594
0.20989476025082918
0.1800090469503568
0.15153787952815623
0.20133582581287668
0.2193815458678865
0.24168031604497087
0.14039235101387654
0.22011417267482536
0.09131488322636903
0.24843680433082527
0.2541245034385085
0.25700633678806567
0.23657103990921044
0.07652470925165608
0.20424333336983444
0.2149244776585739
0.21118473293407442
0.18437980907308
0.15468258286611175
0.17590644488815405
0.058925821607730786
0.23023326780040299
0.07314123901044707
0.16797262068410151
0.13687427497420676
0.08635729363564605
